Jess,8,-159.25,-119.29999,6580,0,1656
7
Player,265.75,201.0,100.0,100.0,false
Starter,366.625,451.0,30.0
Starter,699.0,451.0,30.0
Starter,1125.0,451.0,30.0
Starter,743.75,1251.0,30.0
Starter,952.0625,1251.0,30.0
Starter,1400.0,1251.0,30.0
9
515.0,160.0,40.0,80.0,coin_b
1065.0,450.0,20.0,40.0,gravcapsule
1115.0,450.0,20.0,40.0,gravcapsule
165.0,660.0,40.0,80.0,coin_a
65.0,1000.0,20.0,40.0,healthpack
165.0,1000.0,20.0,40.0,gravcapsule
265.0,1000.0,20.0,40.0,healthpack
165.0,1210.0,40.0,80.0,coin_p
1015.0,1250.0,20.0,40.0,weapon
0
4
4,5,lever,true
4,33,lever,false
5,6,door,true
25,5,door,false
0
